$self.energy: imaginary piece per atom
    1       1.9501500      3.3515400      0.4630800    c     empty    0.00000000000000D+00
    2      -4.2891300      0.0669800     -0.0690000    c     empty    0.00000000000000D+00
    3       1.1634900     -3.8659200     -0.6616100    c     empty    0.00000000000000D+00
    4       2.6592200      2.5558800     -0.6169800    c     empty    0.00000000000000D+00
    5       2.4651400      3.1612800     -1.8841000    c     empty    0.00000000000000D+00
    6       1.3911400      4.1788300     -1.7572600    c     empty    0.00000000000000D+00
    7       0.9264700      4.1340700     -0.3719300    c     empty    0.00000000000000D+00
    8      -0.4680100      4.0561700     -0.0979600    c     empty    0.00000000000000D+00
    9      -0.7945000      3.8314800      0.9188600    h     empty    0.00000000000000D+00
   10      -1.3489000      3.9959100     -1.1695300    c     empty    0.00000000000000D+00
   11      -0.9039700      4.2963300     -2.5084100    c     empty    0.00000000000000D+00
   12       0.4261000      4.4243200     -2.8079300    c     empty    0.00000000000000D+00
   13       0.7630000      4.5207500     -3.8411400    h     empty    0.00000000000000D+00
   14      -2.0547600      4.0937900     -3.4725000    c     empty    0.00000000000000D+00
   15      -2.5628200      5.0496200     -3.6926500    h     empty    0.00000000000000D+00
   16      -1.7417200      3.6607900     -4.4321700    h     empty    0.00000000000000D+00
   17      -2.9406400      3.1695700     -2.6617200    c     empty    0.00000000000000D+00
   18      -2.6241400      3.2857700     -1.2816200    c     empty    0.00000000000000D+00
   19      -3.6964600      2.1043200     -3.1376400    c     empty    0.00000000000000D+00
   20      -3.8143100      1.9494600     -4.2120200    h     empty    0.00000000000000D+00
   21      -4.0906400      1.1202900     -2.2156200    c     empty    0.00000000000000D+00
   22      -3.9300700      1.3342800     -0.8189100    c     empty    0.00000000000000D+00
   23      -3.2218200      2.4272100     -0.3387900    c     empty    0.00000000000000D+00
   24      -2.9811500      2.5050400      0.7234900    h     empty    0.00000000000000D+00
   25      -4.2634900     -0.3183700     -2.4369400    c     empty    0.00000000000000D+00
   26      -4.0498900     -1.0453100     -3.6220300    c     empty    0.00000000000000D+00
   27      -4.0707100     -0.5525400     -4.5961300    h     empty    0.00000000000000D+00
   28      -3.5664700     -2.3435000     -3.5059900    c     empty    0.00000000000000D+00
   29      -3.3705300     -2.9368100     -2.2333500    c     empty    0.00000000000000D+00
   30      -3.7965800     -2.2881700     -1.0649800    c     empty    0.00000000000000D+00
   31      -3.6344700     -2.7353000     -0.0823400    h     empty    0.00000000000000D+00
   32      -4.2129600     -0.9656800     -1.1754900    c     empty    0.00000000000000D+00
   33      -2.8693000     -3.1581900     -4.5797100    c     empty    0.00000000000000D+00
   34      -3.5720900     -3.8280000     -5.1020400    h     empty    0.00000000000000D+00
   35      -2.3852100     -2.5303200     -5.3398900    h     empty    0.00000000000000D+00
   36      -1.8391200     -3.9273400     -3.7407600    c     empty    0.00000000000000D+00
   37      -2.2960400     -3.9547000     -2.3528700    c     empty    0.00000000000000D+00
   38      -1.3239700     -4.1895900     -1.3058000    c     empty    0.00000000000000D+00
   39      -1.6537700     -4.2779500     -0.2695300    h     empty    0.00000000000000D+00
   40       0.0043700     -4.0662100     -1.6156400    c     empty    0.00000000000000D+00
   41       0.4401800     -3.7717100     -2.9588800    c     empty    0.00000000000000D+00
   42      -0.4471400     -3.8456100     -4.0243600    c     empty    0.00000000000000D+00
   43      -0.1284000     -3.6289500     -5.0453700    h     empty    0.00000000000000D+00
   44       1.7141500     -3.0570500     -2.8575300    c     empty    0.00000000000000D+00
   45       2.0438300     -2.9438000     -1.4801700    c     empty    0.00000000000000D+00
   46       2.8060500     -1.8815400     -1.0090800    c     empty    0.00000000000000D+00
   47       2.9358800     -1.7300700      0.0643800    h     empty    0.00000000000000D+00
   48       3.1900200     -0.8945100     -1.9317400    c     empty    0.00000000000000D+00
   49       3.0135800     -1.1015800     -3.3273300    c     empty    0.00000000000000D+00
   50       2.3004200     -2.1935700     -3.8035800    c     empty    0.00000000000000D+00
   51       2.0476000     -2.2674300     -4.8633600    h     empty    0.00000000000000D+00
   52       3.3628800      0.1707400     -4.0745900    c     empty    0.00000000000000D+00
   53       4.3717600      0.1130100     -4.5204100    h     empty    0.00000000000000D+00
   54       2.6620600      0.3903600     -4.8923000    h     empty    0.00000000000000D+00
   55       3.3027200      1.1975400     -2.9610100    c     empty    0.00000000000000D+00
   56       2.8879100      2.5216600     -3.0589600    c     empty    0.00000000000000D+00
   57       2.7215600      2.9767800     -4.0372300    h     empty    0.00000000000000D+00
   58       3.1493000      1.2593600     -0.5128500    c     empty    0.00000000000000D+00
   59       3.1721600      0.7572600      0.4564000    h     empty    0.00000000000000D+00
   60       3.3626900      0.5428700     -1.7041500    c     empty    0.00000000000000D+00
   61      -3.6023800     -0.1467400      0.7619800    h     empty    0.00000000000000D+00
   62      -5.3058100      0.1267400      0.3586300    h     empty    0.00000000000000D+00
   63       2.6453000      4.0127200      1.0061900    h     empty    0.00000000000000D+00
   64       1.4588400      2.7082500      1.2056400    h     empty    0.00000000000000D+00
   65       0.8610400     -3.4325500      0.3012000    h     empty    0.00000000000000D+00
   66       1.6705600     -4.8235700     -0.4471400    h     empty    0.00000000000000D+00
   67       1.8210900      6.1321800     -0.9199900    au    empty    0.00000000000000D+00
   68       1.7990540      8.3279130      0.9492690    au    empty    0.00000000000000D+00
   69       4.2822240      7.4736170     -0.2423280    au    empty    0.00000000000000D+00
   70       2.3007970      8.8202130     -1.8474710    au    empty    0.00000000000000D+00
   71       1.7770180     10.5236460      2.8185280    au    left     0.25000000000000D-01
   72       4.2601880      9.6693500      1.6269310    au    left     0.25000000000000D-01
   73       6.7433580      8.8150530      0.4353340    au    left     0.25000000000000D-01
   74       2.2787610     11.0159450      0.0217880    au    left     0.25000000000000D-01
   75       4.7619300     10.1616490     -1.1698090    au    left     0.25000000000000D-01
   76       2.7805030     11.5082450     -2.7749520    au    left     0.25000000000000D-01
   77       1.7549820     12.7193790      4.6877870    au    left     0.25000000000000D-01
   78       4.2381520     11.8650830      3.4961900    au    left     0.25000000000000D-01
   79       6.7213220     11.0107860      2.3045930    au    left     0.25000000000000D-01
   80       9.2044910     10.1564900      1.1129960    au    left     0.25000000000000D-01
   81       2.2567250     13.2116780      1.8910470    au    left     0.25000000000000D-01
   82       4.7398940     12.3573820      0.6994500    au    left     0.25000000000000D-01
   83       7.2230640     11.5030860     -0.4921470    au    left     0.25000000000000D-01
   84       2.7584670     13.7039780     -0.9056930    au    left     0.25000000000000D-01
   85       5.2416370     12.8496820     -2.0972890    au    left     0.25000000000000D-01
   86       3.2602100     14.1962780     -3.7024320    au    left     0.25000000000000D-01
   87       1.7329460     14.9151120      6.5570460    au    left     0.50000000000000D-01
   88       4.2161160     14.0608150      5.3654490    au    left     0.50000000000000D-01
   89       6.6992860     13.2065190      4.1738520    au    left     0.50000000000000D-01
   90       9.1824550     12.3522230      2.9822550    au    left     0.50000000000000D-01
   91      11.6656250     11.4979270      1.7906580    au    left     0.50000000000000D-01
   92       2.2346880     15.4074110      3.7603060    au    left     0.50000000000000D-01
   93       4.7178580     14.5531150      2.5687090    au    left     0.50000000000000D-01
   94       7.2010280     13.6988190      1.3771120    au    left     0.50000000000000D-01
   95       9.6841980     12.8445220      0.1855150    au    left     0.50000000000000D-01
   96       2.7364310     15.8997110      0.9635660    au    left     0.50000000000000D-01
   97       5.2196010     15.0454150     -0.2280300    au    left     0.50000000000000D-01
   98       7.7027710     14.1911180     -1.4196270    au    left     0.50000000000000D-01
   99       3.2381740     16.3920100     -1.8331730    au    left     0.50000000000000D-01
  100       5.7213440     15.5377140     -3.0247700    au    left     0.50000000000000D-01
  101       3.7399160     16.8843100     -4.6299130    au    left     0.50000000000000D-01
  102       1.7109100     17.1108450      8.4263050    au    left     0.10000000000000D+00
  103       4.1940800     16.2565480      7.2347080    au    left     0.10000000000000D+00
  104       6.6772500     15.4022520      6.0431110    au    left     0.10000000000000D+00
  105       9.1604190     14.5479560      4.8515140    au    left     0.10000000000000D+00
  106      11.6435890     13.6936600      3.6599170    au    left     0.10000000000000D+00
  107      14.1267590     12.8393630      2.4683200    au    left     0.10000000000000D+00
  108       2.2126520     17.6031440      5.6295650    au    left     0.10000000000000D+00
  109       4.6958220     16.7488480      4.4379680    au    left     0.10000000000000D+00
  110       7.1789920     15.8945520      3.2463710    au    left     0.10000000000000D+00
  111       9.6621620     15.0402550      2.0547740    au    left     0.10000000000000D+00
  112      12.1453320     14.1859590      0.8631780    au    left     0.10000000000000D+00
  113       2.7143950     18.0954440      2.8328250    au    left     0.10000000000000D+00
  114       5.1975650     17.2411480      1.6412290    au    left     0.10000000000000D+00
  115       7.6807350     16.3868510      0.4496320    au    left     0.10000000000000D+00
  116      10.1639050     15.5325550     -0.7419650    au    left     0.10000000000000D+00
  117       3.2161380     18.5877430      0.0360860    au    left     0.10000000000000D+00
  118       5.6993080     17.7334470     -1.1555110    au    left     0.10000000000000D+00
  119       8.1824770     16.8791510     -2.3471080    au    left     0.10000000000000D+00
  120       3.7178800     19.0800430     -2.7606540    au    left     0.10000000000000D+00
  121       6.2010500     18.2257470     -3.9522510    au    left     0.10000000000000D+00
  122       4.2196230     19.5723430     -5.5573940    au    left     0.10000000000000D+00
  123      -0.2264450     14.0659750      3.0826440    au    left     0.25000000000000D-01
  124       7.7248070     11.9953850     -3.2888860    au    left     0.25000000000000D-01
  125       8.6807130     11.8599230      5.7789950    au    left     0.50000000000000D-01
  126      -2.7263900     -5.9262400     -3.1348100    au    empty    0.00000000000000D+00
  127      -4.4698850     -7.4641680     -4.8409340    au    empty    0.00000000000000D+00
  128      -2.1061550     -8.6803430     -3.7230980    au    empty    0.00000000000000D+00
  129      -4.3412590     -8.0382230     -2.0178560    au    empty    0.00000000000000D+00
  130      -6.2133800     -9.0020960     -6.5470590    au    right    0.25000000000000D-01
  131      -3.8496500    -10.2182710     -5.4292230    au    right    0.25000000000000D-01
  132      -1.4859200    -11.4344460     -4.3113860    au    right    0.25000000000000D-01
  133      -6.0847530     -9.5761510     -3.7239800    au    right    0.25000000000000D-01
  134      -3.7210240    -10.7923260     -2.6061440    au    right    0.25000000000000D-01
  135      -5.9561270    -10.1502050     -0.9009010    au    right    0.25000000000000D-01
  136      -7.9568750    -10.5400240     -8.2531830    au    right    0.25000000000000D-01
  137      -5.5931450    -11.7561990     -7.1353470    au    right    0.25000000000000D-01
  138      -3.2294150    -12.9723740     -6.0175110    au    right    0.25000000000000D-01
  139      -0.8656860    -14.1885490     -4.8996740    au    right    0.25000000000000D-01
  140      -7.8282480    -11.1140790     -5.4301040    au    right    0.25000000000000D-01
  141      -5.4645190    -12.3302540     -4.3122680    au    right    0.25000000000000D-01
  142      -3.1007890    -13.5464290     -3.1944320    au    right    0.25000000000000D-01
  143      -7.6996220    -11.6881330     -2.6070250    au    right    0.25000000000000D-01
  144      -5.3358920    -12.9043080     -1.4891890    au    right    0.25000000000000D-01
  145      -7.5709960    -12.2621880      0.2160530    au    right    0.25000000000000D-01
  146      -9.7003700    -12.0779520     -9.9593080    au    right    0.50000000000000D-01
  147      -7.3366400    -13.2941270     -8.8414710    au    right    0.50000000000000D-01
  148      -4.9729100    -14.5103020     -7.7236350    au    right    0.50000000000000D-01
  149      -2.6091810    -15.7264770     -6.6057990    au    right    0.50000000000000D-01
  150      -0.2454510    -16.9426520     -5.4879620    au    right    0.50000000000000D-01
  151      -9.5717430    -12.6520070     -7.1362290    au    right    0.50000000000000D-01
  152      -7.2080140    -13.8681820     -6.0183920    au    right    0.50000000000000D-01
  153      -4.8442840    -15.0843570     -4.9005560    au    right    0.50000000000000D-01
  154      -2.4805540    -16.3005320     -3.7827200    au    right    0.50000000000000D-01
  155      -9.4431170    -13.2260610     -4.3131500    au    right    0.50000000000000D-01
  156      -7.0793870    -14.4422360     -3.1953140    au    right    0.50000000000000D-01
  157      -4.7156580    -15.6584110     -2.0774770    au    right    0.50000000000000D-01
  158      -9.3144910    -13.8001160     -1.4900710    au    right    0.50000000000000D-01
  159      -6.9507610    -15.0162910     -0.3722350    au    right    0.50000000000000D-01
  160      -9.1858640    -14.3741700      1.3330080    au    right    0.50000000000000D-01
  161     -11.4438650    -13.6158800    -11.6654320    au    right    0.10000000000000D+00
  162      -9.0801350    -14.8320550    -10.5475960    au    right    0.10000000000000D+00
  163      -6.7164050    -16.0482300     -9.4297590    au    right    0.10000000000000D+00
  164      -4.3526760    -17.2644050     -8.3119230    au    right    0.10000000000000D+00
  165      -1.9889460    -18.4805800     -7.1940870    au    right    0.10000000000000D+00
  166       0.3747840    -19.6967550     -6.0762500    au    right    0.10000000000000D+00
  167     -11.3152380    -14.1899350     -8.8423530    au    right    0.10000000000000D+00
  168      -8.9515090    -15.4061100     -7.7245170    au    right    0.10000000000000D+00
  169      -6.5877790    -16.6222850     -6.6066810    au    right    0.10000000000000D+00
  170      -4.2240490    -17.8384600     -5.4888440    au    right    0.10000000000000D+00
  171      -1.8603190    -19.0546350     -4.3710080    au    right    0.10000000000000D+00
  172     -11.1866120    -14.7639890     -6.0192740    au    right    0.10000000000000D+00
  173      -8.8228820    -15.9801640     -4.9014380    au    right    0.10000000000000D+00
  174      -6.4591520    -17.1963390     -3.7836020    au    right    0.10000000000000D+00
  175      -4.0954230    -18.4125140     -2.6657650    au    right    0.10000000000000D+00
  176     -11.0579850    -15.3380440     -3.1961950    au    right    0.10000000000000D+00
  177      -8.6942560    -16.5542190     -2.0783590    au    right    0.10000000000000D+00
  178      -6.3305260    -17.7703940     -0.9605230    au    right    0.10000000000000D+00
  179     -10.9293590    -15.9120980     -0.3731160    au    right    0.10000000000000D+00
  180      -8.5656290    -17.1282730      0.7447200    au    right    0.10000000000000D+00
  181     -10.8007330    -16.4861530      2.4499620    au    right    0.10000000000000D+00
  182      -3.3580420    -12.3983200     -8.8405900    au    right    0.25000000000000D-01
  183     -11.9354730    -11.4358320     -8.2540650    au    right    0.50000000000000D-01
  184      -4.5870310    -16.2324660      0.7456020    au    right    0.50000000000000D-01
$end
